5.000000000000000278e-02 1.311792666544526810e+03
1.000000000000000056e-01 9.275774900244183527e+02
1.499999999999999944e-01 7.573638491504594867e+02
2.000000000000000111e-01 6.558963332722634050e+02
2.500000000000000000e-01 5.866515149558551911e+02
2.999999999999999889e-01 5.355371135598353476e+02
3.499999999999999778e-01 4.958110239078710038e+02
4.000000000000000222e-01 4.637887450122091764e+02
4.500000000000000111e-01 4.372642221815088988e+02
5.000000000000000000e-01 4.148252644186464977e+02
5.500000000000000444e-01 3.955203706970901862e+02
5.999999999999999778e-01 3.786819245752297434e+02
6.500000000000000222e-01 3.638258247695327441e+02
6.999999999999999556e-01 3.505913371923010118e+02
7.500000000000000000e-01 3.387034100802647458e+02
8.000000000000000444e-01 3.279481666361317025e+02
8.499999999999999778e-01 3.181564542984547188e+02
9.000000000000000222e-01 3.091924966748061365e+02
9.499999999999999556e-01 3.009458772813337646e+02
1.000000000000000000e+00 2.933257574779275956e+02
1.050000000000000044e+00 2.862566281203933158e+02
1.100000000000000089e+00 2.796751362173295092e+02
1.149999999999999911e+00 2.735276792288996717e+02
1.199999999999999956e+00 2.677685567799176738e+02
1.250000000000000000e+00 2.623585333089053506e+02
1.300000000000000044e+00 2.572637078653251592e+02
1.350000000000000089e+00 2.524546163834864956e+02
1.399999999999999911e+00 2.479055119539355019e+02
1.449999999999999956e+00 2.435937828321625318e+02
1.500000000000000000e+00 2.394994780787632465e+02
1.550000000000000044e+00 2.356049180712381315e+02
1.600000000000000089e+00 2.318943725061045882e+02
1.649999999999999911e+00 2.283537924919455975e+02
1.699999999999999956e+00 2.249705863127052226e+02
1.750000000000000000e+00 2.217334306903545951e+02
1.800000000000000044e+00 2.186321110907544494e+02
1.850000000000000089e+00 2.156573859345144513e+02
1.899999999999999911e+00 2.128008705957656446e+02
1.949999999999999956e+00 2.100549378688273521e+02
2.000000000000000000e+00 2.074126322093232488e+02
2.049999999999999822e+00 2.048675955521445644e+02
2.100000000000000089e+00 2.024140029035258408e+02
2.149999999999999911e+00 2.000465062208355391e+02
2.200000000000000178e+00 1.977601853485450931e+02
2.250000000000000000e+00 1.955505049852850732e+02
2.299999999999999822e+00 1.934132768249737353e+02
2.350000000000000089e+00 1.913446261525178045e+02
2.399999999999999911e+00 1.893409622876148717e+02
2.450000000000000178e+00 1.873989523635038097e+02
2.500000000000000000e+00 1.855154980048836819e+02
2.549999999999999822e+00 1.836877145336297019e+02
2.600000000000000089e+00 1.819129123847663720e+02
2.649999999999999911e+00 1.801885804603107601e+02
2.700000000000000178e+00 1.785123711866117731e+02
2.750000000000000000e+00 1.768820870729219052e+02
2.799999999999999822e+00 1.752956685961505059e+02
2.850000000000000089e+00 1.737511832598861190e+02
2.899999999999999911e+00 1.722468156955053189e+02
2.950000000000000178e+00 1.707808586900629564e+02
3.000000000000000000e+00 1.693517050401323729e+02
3.049999999999999822e+00 1.679578401432150088e+02
3.100000000000000089e+00 1.665978352490734267e+02
3.149999999999999911e+00 1.652703413026236774e+02
3.200000000000000178e+00 1.639740833180658512e+02
3.250000000000000000e+00 1.627078552309204156e+02
3.299999999999999822e+00 1.614705151807204686e+02
3.350000000000000089e+00 1.602609811824208066e+02
3.399999999999999911e+00 1.590782271492273594e+02
3.450000000000000178e+00 1.579212792336188329e+02
3.500000000000000000e+00 1.567892124569070518e+02
3.549999999999999822e+00 1.556811476008249997e+02
3.600000000000000089e+00 1.545962483374030683e+02
3.649999999999999911e+00 1.535337185758425846e+02
3.700000000000000178e+00 1.524928000072595466e+02
3.750000000000000000e+00 1.514727698300918917e+02
3.799999999999999822e+00 1.504729386406668823e+02
3.850000000000000089e+00 1.494926484749398981e+02
3.899999999999999911e+00 1.485312709887667495e+02
3.950000000000000178e+00 1.475882057652733295e+02
4.000000000000000000e+00 1.466628787389637978e+02
4.049999999999999822e+00 1.457547407271696329e+02
4.099999999999999645e+00 1.448632660603043973e+02
4.150000000000000355e+00 1.439879513031626175e+02
4.200000000000000178e+00 1.431283140601966579e+02
4.250000000000000000e+00 1.422838918583299801e+02
4.299999999999999822e+00 1.414542411014296874e+02
4.349999999999999645e+00 1.406389360910682740e+02
4.400000000000000355e+00 1.398375681086647546e+02
4.450000000000000178e+00 1.390497445545088055e+02
4.500000000000000000e+00 1.382750881395488420e+02
4.549999999999999822e+00 1.375132361261639176e+02
4.599999999999999645e+00 1.367638396144498358e+02
4.650000000000000355e+00 1.360265628708290535e+02
4.700000000000000178e+00 1.353010826960501447e+02
4.750000000000000000e+00 1.345870878298743776e+02
4.799999999999999822e+00 1.338842783899588369e+02
4.849999999999999645e+00 1.331923653426389649e+02
4.900000000000000355e+00 1.325110700034883280e+02
4.950000000000000178e+00 1.318401235656967287e+02
5.000000000000000000e+00 1.311792666544526753e+02
5.049999999999999822e+00 1.305282489056535269e+02
5.099999999999999645e+00 1.298868285673883065e+02
5.150000000000000355e+00 1.292547721227531952e+02
5.200000000000000178e+00 1.286318539326625796e+02
5.250000000000000000e+00 1.280178558974154441e+02
5.299999999999999822e+00 1.274125671358635827e+02
5.349999999999999645e+00 1.268157836811104744e+02
5.400000000000000355e+00 1.262273081917432478e+02
5.450000000000000178e+00 1.256469496776692552e+02
5.500000000000000000e+00 1.250745232396924393e+02
5.549999999999999822e+00 1.245098498220229288e+02
5.599999999999999645e+00 1.239527559769677509e+02
5.650000000000000355e+00 1.234030736411001925e+02
5.700000000000000178e+00 1.228606399222520054e+02
5.750000000000000000e+00 1.223252968967153862e+02
5.799999999999999822e+00 1.217968914160812659e+02
5.849999999999999645e+00 1.212752749231775908e+02
5.900000000000000355e+00 1.207603032766050433e+02
5.950000000000000178e+00 1.202518365833997223e+02
6.000000000000000000e+00 1.197497390393816232e+02
6.049999999999999822e+00 1.192538787767751671e+02
6.099999999999999645e+00 1.187641277187134676e+02
6.150000000000000355e+00 1.182803614402620269e+02
6.200000000000000178e+00 1.178024590356190657e+02
6.250000000000000000e+00 1.173303029911710382e+02
6.299999999999999822e+00 1.168637790641003420e+02
6.349999999999999645e+00 1.164027761662607361e+02
6.400000000000000355e+00 1.159471862530522941e+02
6.450000000000000178e+00 1.154969042170435358e+02
6.500000000000000000e+00 1.150518277861028906e+02
6.549999999999999822e+00 1.146118574258153302e+02
6.599999999999999645e+00 1.141768962459727987e+02
6.650000000000000355e+00 1.137468499109388631e+02
6.700000000000000178e+00 1.133216265536994456e+02
6.750000000000000000e+00 1.129011366934215914e+02
6.799999999999999822e+00 1.124852931563526113e+02
6.849999999999999645e+00 1.120740109999005938e+02
6.900000000000000355e+00 1.116672074397461785e+02
6.950000000000000178e+00 1.112648017798437223e+02
7.000000000000000000e+00 1.108667153451772975e+02
7.049999999999999822e+00 1.104728714171444750e+02
7.099999999999999645e+00 1.100831951714471728e+02
7.150000000000000355e+00 1.096976136183756410e+02
7.200000000000000178e+00 1.093160555453772247e+02
7.250000000000000000e+00 1.089384514618073325e+02
7.299999999999999822e+00 1.085647335457652929e+02
7.349999999999999645e+00 1.081948355929228001e+02
7.400000000000000355e+00 1.078286929672572256e+02
7.450000000000000178e+00 1.074662425536065911e+02
7.500000000000000000e+00 1.071074227119670752e+02
7.549999999999999822e+00 1.067521732334579951e+02
7.599999999999999645e+00 1.064004352978828223e+02
7.650000000000000355e+00 1.060521514328182349e+02
7.700000000000000178e+00 1.057072654741667890e+02
7.750000000000000000e+00 1.053657225281114336e+02
7.799999999999999822e+00 1.050274689344136760e+02
7.849999999999999645e+00 1.046924522309995780e+02
7.900000000000000355e+00 1.043606211197802764e+02
7.950000000000000178e+00 1.040319254336569657e+02
8.000000000000000000e+00 1.037063161046616244e+02
8.050000000000000711e+00 1.033837451331880004e+02
8.099999999999999645e+00 1.030641655582687122e+02
8.150000000000000355e+00 1.027475314288568455e+02
8.199999999999999289e+00 1.024337977760722822e+02
8.250000000000000000e+00 1.021229205863742919e+02
8.300000000000000711e+00 1.018148567756246621e+02
8.349999999999999645e+00 1.015095641640060791e+02
8.400000000000000355e+00 1.012070014517629204e+02
8.449999999999999289e+00 1.009071281957328381e+02
8.500000000000000000e+00 1.006099047866385234e+02
8.550000000000000711e+00 1.003152924271112454e+02
8.599999999999999645e+00 1.000232531104177696e+02
8.650000000000000355e+00 9.973374959986490751e+01
8.699999999999999289e+00 9.944674540885586111e+01
8.750000000000000000e+00 9.916220478157420359e+01
8.800000000000000711e+00 9.888009267427254656e+01
8.849999999999999645e+00 9.860037473714329792e+01
8.900000000000000355e+00 9.832301729675039326e+01
8.949999999999999289e+00 9.804798733900176444e+01
9.000000000000000000e+00 9.777525249264253659e+01
9.050000000000000711e+00 9.750478101325077773e+01
9.099999999999999645e+00 9.723654176771742641e+01
9.150000000000000355e+00 9.697050421919331598e+01
9.199999999999999289e+00 9.670663841248686765e+01
9.250000000000000000e+00 9.644491495989626628e+01
9.300000000000000711e+00 9.618530502746146738e+01
9.349999999999999645e+00 9.592778032162088664e+01
9.400000000000000355e+00 9.567231307625890224e+01
9.449999999999999289e+00 9.541887604013109581e+01
9.500000000000000000e+00 9.516744246465363233e+01
9.550000000000000711e+00 9.491798609204491299e+01
9.599999999999999645e+00 9.467048114380743584e+01
9.650000000000000355e+00 9.442490230953804087e+01
9.699999999999999289e+00 9.418122473605609457e+01
9.750000000000000000e+00 9.393942401683855792e+01
9.800000000000000711e+00 9.369947618175190485e+01
9.849999999999999645e+00 9.346135768707118530e+01
9.900000000000000355e+00 9.322504540577649834e+01
9.949999999999999289e+00 9.299051661811823521e+01
1.000000000000000000e+01 9.275774900244184096e+01
1.005000000000000071e+01 9.252672062626420768e+01
1.009999999999999964e+01 9.229740993759315870e+01
1.015000000000000036e+01 9.206979575648244918e+01
1.019999999999999929e+01 9.184385726681485096e+01
1.025000000000000000e+01 9.161957400830574727e+01
1.030000000000000071e+01 9.139692586872070024e+01
1.034999999999999964e+01 9.117589307629988582e+01
1.040000000000000036e+01 9.095645619238318602e+01
1.044999999999999929e+01 9.073859610422958610e+01
1.050000000000000000e+01 9.052229401802472353e+01
1.055000000000000071e+01 9.030753145207117427e+01
1.059999999999999964e+01 9.009429023015538007e+01
1.065000000000000036e+01 8.988255247508617174e+01
1.069999999999999929e+01 8.967230060239953104e+01
1.075000000000000000e+01 8.946351731422456055e+01
1.080000000000000071e+01 8.925618559330588653e+01
1.084999999999999964e+01 8.905028869717767748e+01
1.090000000000000036e+01 8.884581015248483027e+01
1.094999999999999929e+01 8.864273374944696116e+01
1.100000000000000000e+01 8.844104353646095262e+01
1.105000000000000071e+01 8.824072381483797756e+01
1.109999999999999964e+01 8.804175913367106432e+01
1.115000000000000036e+01 8.784413428482929476e+01
1.119999999999999929e+01 8.764783429807525295e+01
1.125000000000000000e+01 8.745284443630178828e+01
1.130000000000000071e+01 8.725915019088483859e+01
1.134999999999999964e+01 8.706673727714910171e+01
1.140000000000000036e+01 8.687559162994305950e+01
1.144999999999999929e+01 8.668569939932045543e+01
1.150000000000000000e+01 8.649704694632518454e+01
1.155000000000000071e+01 8.630962083887663994e+01
1.159999999999999964e+01 8.612340784775265945e+01
1.165000000000000036e+01 8.593839494266744339e+01
1.169999999999999929e+01 8.575456928844172921e+01
1.175000000000000000e+01 8.557191824126277879e+01
1.180000000000000071e+01 8.539042934503147819e+01
1.184999999999999964e+01 8.521009032779443260e+01
1.190000000000000036e+01 8.503088909825849839e+01
1.194999999999999929e+01 8.485281374238570606e+01
1.200000000000000000e+01 8.467585252006618646e+01
1.205000000000000071e+01 8.449999386186723882e+01
1.209999999999999964e+01 8.432522636585622422e+01
1.215000000000000036e+01 8.415153879449549379e+01
1.219999999999999929e+01 8.397892007160750438e+01
1.225000000000000000e+01 8.380735927940789054e+01
1.230000000000000071e+01 8.363684565560511430e+01
1.234999999999999964e+01 8.346736859056477442e+01
1.240000000000000036e+01 8.329891762453671333e+01
1.244999999999999929e+01 8.313148244494365713e+01
1.250000000000000000e+01 8.296505288372929954e+01
1.255000000000000071e+01 8.279961891476480673e+01
1.259999999999999964e+01 8.263517065131183870e+01
1.265000000000000036e+01 8.247169834354076556e+01
1.269999999999999929e+01 8.230919237610279993e+01
1.275000000000000000e+01 8.214764326575441089e+01
1.280000000000000071e+01 8.198704165903292562e+01
1.284999999999999964e+01 8.182737832998181204e+01
1.290000000000000036e+01 8.166864417792464792e+01
1.294999999999999929e+01 8.151083022528628419e+01
1.300000000000000000e+01 8.135392761546020779e+01
1.305000000000000071e+01 8.119792761072083920e+01
1.309999999999999964e+01 8.104282159017978415e+01
1.315000000000000036e+01 8.088860104778473215e+01
1.319999999999999929e+01 8.073525759036023430e+01
1.325000000000000000e+01 8.058278293568903905e+01
1.330000000000000071e+01 8.043116891063330343e+01
1.334999999999999964e+01 8.028040744929437267e+01
1.340000000000000036e+01 8.013049059121040330e+01
1.344999999999999929e+01 7.998141047959101968e+01
1.350000000000000000e+01 7.983315935958775356e+01
1.355000000000000071e+01 7.968572957659972644e+01
1.359999999999999964e+01 7.953911357461367970e+01
1.365000000000000036e+01 7.939330389457730064e+01
1.369999999999999929e+01 7.924829317280543250e+01
1.375000000000000000e+01 7.910407413941803156e+01
1.380000000000000071e+01 7.896063961680941645e+01
1.384999999999999964e+01 7.881798251814777245e+01
1.390000000000000036e+01 7.867609584590454119e+01
1.394999999999999929e+01 7.853497269041271522e+01
1.400000000000000000e+01 7.839460622845352589e+01
1.405000000000000071e+01 7.825498972187081392e+01
1.409999999999999964e+01 7.811611651621237229e+01
1.415000000000000036e+01 7.797798003939789169e+01
1.419999999999999929e+01 7.784057380041249985e+01
1.425000000000000000e+01 7.770389138802576667e+01
1.430000000000000071e+01 7.756792646953518044e+01
1.434999999999999964e+01 7.743267278953381094e+01
1.440000000000000036e+01 7.729812416870153413e+01
1.444999999999999929e+01 7.716427450261922161e+01
1.450000000000000000e+01 7.703111776060552529e+01
1.455000000000000071e+01 7.689864798457557526e+01
1.459999999999999964e+01 7.676685928792129232e+01
1.465000000000000036e+01 7.663574585441259046e+01
1.469999999999999929e+01 7.650530193711934146e+01
1.475000000000000000e+01 7.637552185735329147e+01
1.480000000000000071e+01 7.624640000362977332e+01
1.484999999999999964e+01 7.611793083064853249e+01
1.490000000000000036e+01 7.599010885829353867e+01
1.494999999999999929e+01 7.586292867065108680e+01
1.500000000000000000e+01 7.573638491504594583e+01
1.505000000000000071e+01 7.561047230109520001e+01
1.509999999999999964e+01 7.548518559977920006e+01
1.515000000000000036e+01 7.536051964252952473e+01
1.519999999999999929e+01 7.523646932033344115e+01
1.525000000000000000e+01 7.511302958285436659e+01
1.530000000000000071e+01 7.499019543756840278e+01
1.534999999999999964e+01 7.486796194891620360e+01
1.540000000000000036e+01 7.474632423746994903e+01
1.544999999999999929e+01 7.462527747911528309e+01
1.550000000000000000e+01 7.450481690424776104e+01
1.555000000000000071e+01 7.438493779698342223e+01
1.559999999999999964e+01 7.426563549438337475e+01
1.565000000000000036e+01 7.414690538569199418e+01
1.569999999999999929e+01 7.402874291158849474e+01
1.575000000000000000e+01 7.391114356345153169e+01
1.580000000000000071e+01 7.379410288263666473e+01
1.584999999999999964e+01 7.367761645976631257e+01
1.590000000000000036e+01 7.356167993403209948e+01
1.594999999999999929e+01 7.344628899250908205e+01
1.600000000000000000e+01 7.333143936948189889e+01
1.605000000000000071e+01 7.321712684578247377e+01
1.610000000000000142e+01 7.310334724813895946e+01
1.614999999999999858e+01 7.299009644853583723e+01
1.619999999999999929e+01 7.287737036358481646e+01
1.625000000000000000e+01 7.276516495390654882e+01
1.630000000000000071e+01 7.265347622352258838e+01
1.635000000000000142e+01 7.254230021925771155e+01
1.639999999999999858e+01 7.243163303015219867e+01
1.644999999999999929e+01 7.232147078688399233e+01
1.650000000000000000e+01 7.221180966120053313e+01
1.655000000000000071e+01 7.210264586535987519e+01
1.660000000000000142e+01 7.199397565158130874e+01
1.664999999999999858e+01 7.188579531150482183e+01
1.669999999999999929e+01 7.177810117565965697e+01
1.675000000000000000e+01 7.167088961294150806e+01
1.680000000000000071e+01 7.156415703009832896e+01
1.685000000000000142e+01 7.145789987122441289e+01
1.689999999999999858e+01 7.135211461726295568e+01
1.694999999999999929e+01 7.124679778551640652e+01
1.700000000000000000e+01 7.114194592916499005e+01
